5850 3030 2810 6070
[TEST ] 1 ----------------
7473 1407 4533 4347
[TEST ] 2 ----------------
6923 1957 3567 5313
[TEST ] 3 ----------------
7902 978 4897 3983
[TEST ] 4 ----------------
6776 2104 3451 5429
[TEST ] 5 ----------------
7373 1507 4120 4760
[TEST ] 6 ----------------
6968 1912 3644 5236
[TEST ] 7 ----------------
6666 2214 3322 5558
[TEST ] 8 ----------------
7161 1719 3782 5098
[TEST ] 9 ----------------
7220 1660 3863 5017
[TEST ] 10 ----------------
7211 1669 3931 4949
[TEST ] 11 ----------------
7038 1842 3703 5177
[TEST ] 12 ----------------
6903 1977 3508 5372
[TEST ] 13 ----------------
6609 2271 3241 5639
[TEST ] 14 ----------------
6721 2159 3433 5447
[TEST ] 15 ----------------
6825 2055 3545 5335
[TEST ] 16 ----------------
6587 2293 3226 5654
[TEST ] 17 ----------------
6764 2116 3502 5378
[TEST ] 18 ----------------
6224 2656 3056 5824
[TEST ] 19 ----------------
6820 2060 3690 5190
[TEST ] 20 ----------------
6800 2080 3578 5302
[TEST ] 21 ----------------
6414 2466 3300 5580
[TEST ] 22 ----------------
6376 2504 3288 5592
[TEST ] 23 ----------------
6941 1939 3845 5035
[TEST ] 24 ----------------
7002 1878 3847 5033
[TEST ] 25 ----------------
6472 2408 3527 5353
[TEST ] 26 ----------------
6501 2379 3454 5426
[TEST ] 27 ----------------
6697 2183 3588 5292
[TEST ] 28 ----------------
6285 2595 3261 5619
[TEST ] 29 ----------------
6057 2823 3073 5807
[TEST ] 30 ----------------
6362 2518 3243 5637
[TEST ] 31 ----------------
6490 2390 3433 5447
[TEST ] 32 ----------------
6322 2558 3248 5632
[TEST ] 33 ----------------
6386 2494 3313 5567
[TEST ] 34 ----------------
6358 2522 3329 5551
[TEST ] 35 ----------------
6849 2031 3741 5139
[TEST ] 36 ----------------
6404 2476 3370 5510
[TEST ] 37 ----------------
6160 2720 3253 5627
[TEST ] 38 ----------------
6391 2489 3365 5515
[TEST ] 39 ----------------
6441 2439 3454 5426
[TEST ] 40 ----------------
6248 2632 3217 5663
[TEST ] 41 ----------------
6371 2509 3374 5506
[TEST ] 42 ----------------
6431 2449 3432 5448
[TEST ] 43 ----------------
6472 2408 3412 5468
[TEST ] 44 ----------------
6392 2488 3359 5521
[TEST ] 45 ----------------
6543 2337 3523 5357
[TEST ] 46 ----------------
6430 2450 3414 5466
[TEST ] 47 ----------------
5800 3080 2927 5953
[TEST ] 48 ----------------
6764 2116 3656 5224
[TEST ] 49 ----------------
6816 2064 3735 5145
[TEST ] 50 ----------------
6349 2531 3379 5501
[TEST ] 51 ----------------
6335 2545 3269 5611
[TEST ] 52 ----------------
6324 2556 3280 5600
[TEST ] 53 ----------------
6205 2675 3185 5695
[TEST ] 54 ----------------
6373 2507 3359 5521
[TEST ] 55 ----------------
5987 2893 3072 5808
[TEST ] 56 ----------------
6218 2662 3203 5677
[TEST ] 57 ----------------
6497 2383 3365 5515
[TEST ] 58 ----------------
6469 2411 3491 5389
[TEST ] 59 ----------------
6148 2732 3100 5780
[TEST ] 60 ----------------
6306 2574 3217 5663
[TEST ] 61 ----------------
6400 2480 3482 5398
[TEST ] 62 ----------------
6126 2754 3077 5803
[TEST ] 63 ----------------
6850 2030 3682 5198
[TEST ] 64 ----------------
6240 2640 3207 5673
[TEST ] 65 ----------------
6221 2659 3200 5680
[TEST ] 66 ----------------
6193 2687 3257 5623
[TEST ] 67 ----------------
6559 2321 3542 5338
[TEST ] 68 ----------------
6389 2491 3311 5569
[TEST ] 69 ----------------
6609 2271 3560 5320
[TEST ] 70 ----------------
6303 2577 3263 5617
[TEST ] 71 ----------------
6521 2359 3455 5425
[TEST ] 72 ----------------
6281 2599 3246 5634
[TEST ] 73 ----------------
6498 2382 3451 5429
[TEST ] 74 ----------------
6193 2687 3206 5674
[TEST ] 75 ----------------
6310 2570 3298 5582
[TEST ] 76 ----------------
6328 2552 3401 5479
[TEST ] 77 ----------------
6405 2475 3425 5455
[TEST ] 78 ----------------
6316 2564 3298 5582
[TEST ] 79 ----------------
6180 2700 3181 5699
[TEST ] 80 ----------------
6259 2621 3260 5620
[TEST ] 81 ----------------
6194 2686 3237 5643
[TEST ] 82 ----------------
6195 2685 3201 5679
[TEST ] 83 ----------------
5875 3005 2927 5953
[TEST ] 84 ----------------
6452 2428 3374 5506
[TEST ] 85 ----------------
6210 2670 3274 5606
[TEST ] 86 ----------------
6587 2293 3591 5289
[TEST ] 87 ----------------
6320 2560 3248 5632
[TEST ] 88 ----------------
6205 2675 3198 5682
[TEST ] 89 ----------------
6529 2351 3483 5397
[TEST ] 90 ----------------
6375 2505 3365 5515
[TEST ] 91 ----------------
6511 2369 3506 5374
[TEST ] 92 ----------------
6187 2693 3169 5711
[TEST ] 93 ----------------
6124 2756 3195 5685
[TEST ] 94 ----------------
6052 2828 3126 5754
[TEST ] 95 ----------------
6257 2623 3246 5634
[TEST ] 96 ----------------
6377 2503 3351 5529
[TEST ] 97 ----------------
6426 2454 3399 5481
[TEST ] 98 ----------------
6130 2750 3139 5741
[TEST ] 99 ----------------
6375 2505 3314 5566
[TEST ] 100 ----------------
6331 2549 3416 5464
[TEST ] 101 ----------------
6675 2205 3627 5253
[TEST ] 102 ----------------
6085 2795 3145 5735
[TEST ] 103 ----------------
6529 2351 3538 5342
[TEST ] 104 ----------------
6005 2875 3039 5841
[TEST ] 105 ----------------
6030 2850 3068 5812
[TEST ] 106 ----------------
5881 2999 2877 6003
[TEST ] 107 ----------------
6251 2629 3257 5623
[TEST ] 108 ----------------
6436 2444 3367 5513
[TEST ] 109 ----------------
6706 2174 3661 5219
[TEST ] 110 ----------------
6366 2514 3304 5576
[TEST ] 111 ----------------
6283 2597 3298 5582
[TEST ] 112 ----------------
6336 2544 3385 5495
[TEST ] 113 ----------------
6061 2819 3147 5733
[TEST ] 114 ----------------
6607 2273 3599 5281
[TEST ] 115 ----------------
6397 2483 3349 5531
[TEST ] 116 ----------------
6499 2381 3478 5402
[TEST ] 117 ----------------
6118 2762 3141 5739
[TEST ] 118 ----------------
6273 2607 3324 5556
[TEST ] 119 ----------------
6207 2673 3232 5648
[TEST ] 120 ----------------
6450 2430 3442 5438
[TEST ] 121 ----------------
6079 2801 3079 5801
[TEST ] 122 ----------------
6375 2505 3390 5490
[TEST ] 123 ----------------
6415 2465 3373 5507
[TEST ] 124 ----------------
6111 2769 3107 5773
[TEST ] 125 ----------------
6736 2144 3576 5304
[TEST ] 126 ----------------
6356 2524 3306 5574
[TEST ] 127 ----------------
6106 2774 3220 5660
[TEST ] 128 ----------------
6014 2866 3036 5844
[TEST ] 129 ----------------
6141 2739 3194 5686
[TEST ] 130 ----------------
6327 2553 3359 5521
[TEST ] 131 ----------------
5891 2989 2981 5899
[TEST ] 132 ----------------
6156 2724 3124 5756
[TEST ] 133 ----------------
6108 2772 3160 5720
[TEST ] 134 ----------------
6316 2564 3354 5526
[TEST ] 135 ----------------
6247 2633 3188 5692
[TEST ] 136 ----------------
6138 2742 3165 5715
[TEST ] 137 ----------------
6466 2414 3478 5402
[TEST ] 138 ----------------
6045 2835 3035 5845
[TEST ] 139 ----------------
6445 2435 3409 5471
[TEST ] 140 ----------------
6074 2806 3020 5860
[TEST ] 141 ----------------
6422 2458 3438 5442
[TEST ] 142 ----------------
6506 2374 3424 5456
[TEST ] 143 ----------------
6613 2267 3558 5322
[TEST ] 144 ----------------
6218 2662 3263 5617
[TEST ] 145 ----------------
6607 2273 3538 5342
[TEST ] 146 ----------------
6531 2349 3464 5416
[TEST ] 147 ----------------
6349 2531 3374 5506
[TEST ] 148 ----------------
6064 2816 3110 5770
[TEST ] 149 ----------------
6065 2815 3106 5774
[TEST ] 150 ----------------
6165 2715 3221 5659
[TEST ] 151 ----------------
6743 2137 3639 5241
[TEST ] 152 ----------------
5940 2940 2981 5899
[TEST ] 153 ----------------
5802 3078 2918 5962
[TEST ] 154 ----------------
6195 2685 3228 5652
[TEST ] 155 ----------------
6463 2417 3442 5438
[TEST ] 156 ----------------
6182 2698 3250 5630
[TEST ] 157 ----------------
6378 2502 3441 5439
[TEST ] 158 ----------------
6291 2589 3319 5561
[TEST ] 159 ----------------
6334 2546 3391 5489
[TEST ] 160 ----------------
6319 2561 3373 5507
[TEST ] 161 ----------------
6175 2705 3211 5669
[TEST ] 162 ----------------
6284 2596 3263 5617
[TEST ] 163 ----------------
6108 2772 3174 5706
[TEST ] 164 ----------------
6289 2591 3331 5549
[TEST ] 165 ----------------
6549 2331 3513 5367
[TEST ] 166 ----------------
6402 2478 3344 5536
[TEST ] 167 ----------------
6054 2826 3123 5757
[TEST ] 168 ----------------
6426 2454 3423 5457
[TEST ] 169 ----------------
6099 2781 3171 5709
[TEST ] 170 ----------------
6477 2403 3455 5425
[TEST ] 171 ----------------
6407 2473 3420 5460
[TEST ] 172 ----------------
6288 2592 3305 5575
[TEST ] 173 ----------------
6359 2521 3347 5533
[TEST ] 174 ----------------
6114 2766 3199 5681
[TEST ] 175 ----------------
6486 2394 3460 5420
[TEST ] 176 ----------------
6083 2797 3162 5718
[TEST ] 177 ----------------
6145 2735 3207 5673
[TEST ] 178 ----------------
6168 2712 3222 5658
[TEST ] 179 ----------------
6096 2784 3118 5762
[TEST ] 180 ----------------
6427 2453 3392 5488
[TEST ] 181 ----------------
6056 2824 2976 5904
[TEST ] 182 ----------------
6220 2660 3235 5645
[TEST ] 183 ----------------
6394 2486 3402 5478
[TEST ] 184 ----------------
6310 2570 3271 5609
[TEST ] 185 ----------------
5874 3006 2949 5931
[TEST ] 186 ----------------
6425 2455 3419 5461
[TEST ] 187 ----------------
6378 2502 3308 5572
[TEST ] 188 ----------------
6289 2591 3231 5649
[TEST ] 189 ----------------
5969 2911 2972 5908
[TEST ] 190 ----------------
6316 2564 3321 5559
[TEST ] 191 ----------------
6344 2536 3331 5549
[TEST ] 192 ----------------
6319 2561 3318 5562
[TEST ] 193 ----------------
6194 2686 3223 5657
[TEST ] 194 ----------------
6175 2705 3279 5601
[TEST ] 195 ----------------
6373 2507 3403 5477
[TEST ] 196 ----------------
6375 2505 3396 5484
[TEST ] 197 ----------------
6322 2558 3324 5556
[TEST ] 198 ----------------
6487 2393 3469 5411
[TEST ] 199 ----------------
6600 2280 3565 5315
[TEST ] 200 ----------------
epi_model_2
75m 23s
[TEST ] 200 ----------------
6600 2280 3565 5315
accuracy   0.6709
auc        0.7275
f1macro    0.6692
f1micro    0.6709
loss       22842.7248
precision0 0.6493
precision1 0.6998
recall0    0.7432
recall1    0.5985

